-8.371357738951904
-8.483170232298813
-8.594954170493024
-8.733268761746753
-8.857395570260042
-9.00661511292
-9.174995485559737
-9.349766282727419
-9.562241764230617
-9.92761788732662
-10.366236594598805
-11.003190145770061
-12.125986429025394
-15.904838491372896
-13.660189726449858
-18.47471161237896
-21.355045456674894
-23.517520815312317
-25.70795147056042
-27.221220889260245
-28.335619234998212
-29.23260313810905
-30.079460869223766
-31.039894217238174
-31.806850345398495
-32.676683498343905
-33.55105024171185
-34.42622310616939
-35.35726860762505
-36.15987919596972
-37.10940946032771
-37.89231521965412
-38.76074975447633
-39.78333737040089
-41.356470468374866
-40.62737280557262
-42.28844952860207
-44.213253234191406
-43.408950112583376
-44.91587755796468
-45.86368852493408
-46.759433977469655
-47.68392910776771
-48.47620685354766
-49.311105092140714
-50.224053564432
-51.367125452570704
-52.175801900733575
